 ' 文件类型：Windows模块源码

 ' 程序名称：模块_偶的字节集
 ' 程序描述：
 ' 程序作者：本源码来自易语言资源网(www.5A5X.com)
 ' 邮政编码：
 ' 联系地址：
 ' 联系电话：
 ' 传真号码：
 ' 电子信箱：
 ' 主页地址：
 ' 版权声明：             易语言资源网注意事项
--============   www.5A5X.com  =============--
* 易语言资源网为易语言官方站、易语言官方论坛提供辅助资源站；本易语言资源网( www.5A5X.com)所有软件和资料均为软件作者提供和网友推荐发布而来，其版权归该软件和程序源码的合法拥有者所有，本站易语言资源网整理收集仅供易语言用户学习和易语言技术研究探讨使用，不得用于任何商业用途。如果由于以上原因造成的版权纠纷本站概不负责！
* 本站资源未经许可,任何网站不得非法盗链及抄袭本站资源；如引用，请注明来自易语言资源网，谢谢合作！
--============   www.5A5X.com  =============--
 ' 版本号：1.1
 ' 创建号：0.0





 ' 所需要的支持库：
 ' krnln d09f2340818511d396f6aaf844c7e325 5 0 系统核心支持库
 ' spec A512548E76954B6E92C21055517615B0 3 1 特殊功能支持库





.程序集 程序集1, , , 

.子程序 _启动子程序, 整数型, , 请在本子程序中放置易模块初始化代码

_临时子程序 () ' 在初始化代码执行完毕后调用测试代码
返回 (0) ' 可以根据您的需要返回任意数值

.子程序 _临时子程序, 空白型, , 
 ' 本名称子程序用作测试程序用，仅在开发及调试环境中有效，编译发布程序前将被系统自动清空，请将所有用作测试的临时代码放在本子程序中。 ***注意不要修改本子程序的名称、参数及返回值类型。


.子程序 字节集到十六进制文本_dtcser, 文本型, 公开, 嵌ASM
.参数 原文, 字节集, , 

.局部变量 原文长度, 整数型, , , 
.局部变量 原文地址, 整数型, , , 
.局部变量 结果, 文本型, , , 
.局部变量 结果地址, 整数型, , , 
.局部变量 码表地址, 整数型, , , 

置入代码 ({ 139, 93, 8, 139, 27, 139, 91, 4, 137, 93, 252 }) ' 取字节集长度
 ' 原文长度－－－dword ptr [ebp-4]
.如果真 (小于 (原文长度, 1))
    返回 (“”)
.如果真结束
置入代码 ({ 232, 0, 0, 0, 0, 89, 131, 193, 9, 233, 0, 2, 0, 0 }) ' 跳转到代码
 ' 下面是码表
置入代码 ({ 48, 48, 48, 49, 48, 50, 48, 51, 48, 52, 48, 53, 48, 54, 48, 55, 48, 56, 48, 57, 48, 65, 48, 66, 48, 67, 48, 68, 48, 69, 48, 70, 49, 48, 49, 49, 49, 50, 49, 51, 49, 52, 49, 53, 49, 54, 49, 55, 49, 56, 49, 57, 49, 65, 49, 66, 49, 67, 49, 68, 49, 69, 49, 70, 50, 48, 50, 49, 50, 50, 50, 51, 50, 52, 50, 53, 50, 54, 50, 55, 50, 56, 50, 57, 50, 65, 50, 66, 50, 67, 50, 68, 50, 69, 50, 70, 51, 48, 51, 49, 51, 50, 51, 51, 51, 52, 51, 53, 51, 54, 51, 55, 51, 56, 51, 57, 51, 65, 51, 66, 51, 67, 51, 68, 51, 69, 51, 70, 52, 48, 52, 49, 52, 50, 52, 51, 52, 52, 52, 53, 52, 54, 52, 55, 52, 56, 52, 57, 52, 65, 52, 66, 52, 67, 52, 68, 52, 69, 52, 70, 53, 48, 53, 49, 53, 50, 53, 51, 53, 52, 53, 53, 53, 54, 53, 55, 53, 56, 53, 57, 53, 65, 53, 66, 53, 67, 53, 68, 53, 69, 53, 70, 54, 48, 54, 49, 54, 50, 54, 51, 54, 52, 54, 53, 54, 54, 54, 55, 54, 56, 54, 57, 54, 65, 54, 66, 54, 67, 54, 68, 54, 69, 54, 70, 55, 48, 55, 49, 55, 50, 55, 51, 55, 52, 55, 53, 55, 54, 55, 55, 55, 56, 55, 57, 55, 65, 55, 66, 55, 67, 55, 68, 55, 69, 55, 70, 56, 48, 56, 49, 56, 50, 56, 51, 56, 52, 56, 53, 56, 54, 56, 55, 56, 56, 56, 57, 56, 65, 56, 66, 56, 67, 56, 68, 56, 69, 56, 70, 57, 48, 57, 49, 57, 50, 57, 51, 57, 52, 57, 53, 57, 54, 57, 55, 57, 56, 57, 57, 57, 65, 57, 66, 57, 67, 57, 68, 57, 69, 57, 70, 65, 48, 65, 49, 65, 50, 65, 51, 65, 52, 65, 53, 65, 54, 65, 55, 65, 56, 65, 57, 65, 65, 65, 66, 65, 67, 65, 68, 65, 69, 65, 70, 66, 48, 66, 49, 66, 50, 66, 51, 66, 52, 66, 53, 66, 54, 66, 55, 66, 56, 66, 57, 66, 65, 66, 66, 66, 67, 66, 68, 66, 69, 66, 70, 67, 48, 67, 49, 67, 50, 67, 51, 67, 52, 67, 53, 67, 54, 67, 55, 67, 56, 67, 57, 67, 65, 67, 66, 67, 67, 67, 68, 67, 69, 67, 70, 68, 48, 68, 49, 68, 50, 68, 51, 68, 52, 68, 53, 68, 54, 68, 55, 68, 56, 68, 57, 68, 65, 68, 66, 68, 67, 68, 68, 68, 69, 68, 70, 69, 48, 69, 49, 69, 50, 69, 51, 69, 52, 69, 53, 69, 54, 69, 55, 69, 56, 69, 57, 69, 65, 69, 66, 69, 67, 69, 68, 69, 69, 69, 70, 70, 48, 70, 49, 70, 50, 70, 51, 70, 52, 70, 53, 70, 54, 70, 55, 70, 56, 70, 57, 70, 65, 70, 66, 70, 67, 70, 68, 70, 69, 70, 70 })
 ' 跳转到这里了～～
赋值 (码表地址, 0) ' ebp-8
赋值 (结果地址, 1) ' ebp-c
赋值 (原文地址, 2) ' ebp-10
 ' 本源码来自易语言资源网(www.5A5X.com)
置入代码 ({ 137, 77, 248 }) ' 码表地址到－－－》变量dword ptr [ebp-8]
置入代码 ({ 209, 101, 252 }) ' 原文长度 × 2
赋值 (结果, 取空白文本 (原文长度))
置入代码 ({ 137, 69, 244 }) ' 结果地址 ebp-c
置入代码 ({ 139, 93, 8, 139, 27, 131, 195, 8, 137, 93, 240 }) ' 原文地址ebp-10
 ' 核心计算过程
置入代码 ({ 139, 117, 240, 139, 93, 248, 139, 125, 244, 209, 109, 252, 139, 77, 252, 3, 206, 51, 192, 138, 6, 70, 209, 224, 102, 139, 20, 24, 102, 137, 23, 71, 71, 59, 241, 124, 236 })
返回 (结果)
 ' 本源码来自易语言资源网(www.5A5X.com)


.子程序 十六进制文本到字节集_dtcser, 字节集, 公开, 嵌ASM
.参数 原文, 文本型, , 

.局部变量 原文长度, 整数型, , , 
.局部变量 原文地址, 整数型, , , 
.局部变量 码表地址, 整数型, , , 
.局部变量 结果地址, 整数型, , , 
.局部变量 结果, 字节集, , , 

赋值 (原文长度, 0) ' ebp-4
赋值 (原文地址, 1) ' ebp-8
赋值 (码表地址, 2) ' ebp-c
赋值 (结果地址, 3) ' ebp-10
置入代码 ({ 139, 93, 8, 139, 27, 137, 93, 248, 139, 251, 185, 255, 255, 255, 255, 50, 192, 252, 242, 174, 184, 254, 255, 255, 255, 43, 193, 137, 69, 252 })
.如果真 (小于 (原文长度, 1))
    返回 ({  })
.如果真结束
置入代码 ({ 232, 0, 0, 0, 0, 89, 131, 193, 6, 235, 103 }) ' 跳转到代码
 ' ==========码表开始
 ' 本源码来自易语言资源网(www.5A5X.com)
置入代码 ({ 0, 0, 0, 0, 0, 0, 0, 0, 0, 0, 0, 0, 0, 0, 0, 0, 0, 0, 0, 0, 0, 0, 0, 0, 0, 0, 0, 0, 0, 0, 0, 0, 0, 0, 0, 0, 0, 0, 0, 0, 0, 0, 0, 0, 0, 0, 0, 0, 0, 1, 2, 3, 4, 5, 6, 7, 8, 9, 0, 0, 0, 0, 0, 0, 0, 10, 11, 12, 13, 14, 15, 0, 0, 0, 0, 0, 0, 0, 0, 0, 0, 0, 0, 0, 0, 0, 0, 0, 0, 0, 0, 0, 0, 0, 0, 0, 0, 10, 11, 12, 13, 14, 15 })
 ' 跳到这里了
置入代码 ({ 144, 144, 144, 144, 144, 137, 77, 244 }) ' 码表地址到ebp-c
置入代码 ({ 209, 109, 252 }) ' 原文长度/2
赋值 (结果, 取空白字节集 (原文长度))
置入代码 ({ 131, 192, 8, 137, 69, 240 }) ' 结果地址
 ' 计算开始
' 本源码来自易语言资源网(www.5A5X.com)
置入代码 ({ 139, 93, 244, 139, 117, 248, 139, 125, 240, 209, 101, 252, 139, 77, 252, 3, 206, 51, 192, 102, 139, 6, 70, 70, 80, 37, 255, 0, 0, 0, 138, 52, 24, 88, 193, 232, 8, 138, 20, 24, 192, 230, 4, 8, 242, 136, 23, 71, 59, 241, 124, 223 })
返回 (结果)




 ' 不属于任何一个程序集、类模块的函数：
